"onlyCRISA"	"onlyCRISB"	"onlyCRISC"	"onlyCRISD"	"onlyCRISE"	"CMS1"	"CMS2"	"CMS3"	"CMS4"	"Cetuximab_adjusted"	"BRAF"	"KRAS"	"MS_status_adjusted"	"CIMP_adjusted"	"gene_id"
"ENST00000613865.5"	-1.39223404325052	0	0	0.896085540254688	0	0	0	0	0	0	0	0	-0.692726185879786	0	"RPS24"
"ENST00000360830.9"	0.807279152342085	0	0	-1.16786584427336	0	0	0	0	0	0	0	0	0.529577049265004	0	"RPS24"
"ENST00000397420.9"	-0.755738910526543	0	0	0	0	0	0	0	0	0	0	0	0	0	"CD151"
"ENST00000563588.6"	-1.09567243493166	0	0	0	0	0	0	0	0	0	0	0	0	0	"PHKG2"
"ENST00000586534.6"	-0.280682879905614	0	0	0	0	0	0	0	0	0	0	0	-0.133735301051889	0	"RAD23A"
"ENST00000475836.5"	-1.46354325962716	0.967462648803802	0	0	0	0	0	0	0	0	0	0	-1.72027567379823	0	"RPL22L1"
"ENST00000458640.5"	1.04485546832068	0	0	0	0	0	0	0	0	0	0	0	0.770082971722247	0.474272339487728	"DDX39B"
"ENST00000396172.6"	-1.76743741086483	0	-0.7443133555161	0	0.759757396341917	0	0	0	0	0	0	0	-0.873592652935824	0	"DDX39B"
"ENST00000358901.11"	-0.605507500639362	0	0	0	0	0	0	0	0	0	0	0	0	0	"VCP"
"ENST00000492540.5"	0.842676262396888	0	0	-0.841270473091447	0	0	0	0	0	0	0	0	0.533058960588713	0	"PHPT1"
"ENST00000247665.12"	-0.604051089114263	0	0	0.432064637779053	0	0	0	0	0	0	0	0	-0.320939116057073	0	"PHPT1"
"ENST00000372458.8"	0	-0.437190491569645	0	0	0	0	0	0	0	0	0	0	0	0	"ELOVL1"
"ENST00000651476.1"	0	0.494261656022996	0	0	0	0	0	0	0	0	0	0	0	0	"UROD"
"ENST00000496055.5"	0	0.547042733996813	0	0	0	0	0	0	0	0	0	0	0	0	"RABGGTB"
"ENST00000271836.10"	0	-0.307421882438589	0	1.1402011498125	0	0	0	0	0	0	0	0	0	0	"ADAM15"
"ENST00000677389.1"	0	-1.31388906147613	0	0	0	0	0	0	0	0	-0.552735270174945	0	0	-0.502565531021946	"LMNA"
"ENST00000614189.4"	0	1.42315663017181	0	0	0	0	0	0	-2.80085345931745	0	0	0	0	0	"PCGF5"
"ENST00000659159.1"	0	-0.523306352778568	0	0	0	0	0	0	0	0	0	0	0	0	"OLMALINC"
"ENST00000318317.8"	0	0.511938669802388	0	0	0	0	0	0	0	0	0	0	-0.250552461527446	0	"LRR1"
"ENST00000298288.11"	0	-0.234810418394063	0	0	0	0	0	0	0	0	0	0	0.151789925219133	0	"LRR1"
"ENST00000617571.5"	0	0.41167324937645	0	0	0	0	0	0	0	0	0	0	0	0	"INF2"
"ENST00000317091.10"	0	-0.212428507358736	0	0	0	0	0	0	0	0	0	0	0	0	"CES2"
"ENST00000610443.1"	0	0.764635871751476	0	0	-0.996924435047826	0	0	0	0	0	0	0	0	0	"DHRS11"
"ENST00000590253.3"	0	0.952513513255515	0	0	0	0	0	0	0	0	0	0	-0.553507214032919	0	"G6PC3"
"ENST00000392359.8"	0	-0.938842980609937	0	0	0	0	0	0	0	0	0	0	0	0	"CENPX"
"ENST00000306704.10"	0	0.714395559514971	0	0	0	0	0	0	0	0	0	-0.378008067389391	0	0	"CENPX"
"ENST00000592297.2"	0	-1.83134171560784	0	0	0	0	0	0	0	0	0	0	0	0	"ARHGAP45"
"ENST00000162044.14"	0	0.217708104162265	0	0	0	0	0	0	0	0	0	0	0	0	"TMEM161A"
"ENST00000599538.5"	0	-0.701716248709521	0	0	0	0	0	0	0	0	0	0	0	0	"VRK3"
"ENST00000629438.2"	0	1.01639349434588	0	0	0	0	0	0	0	0	0	0	0	0	"DGUOK"
"ENST00000376062.6"	0	1.25184647001327	0	0	0	0	0	0	0	0	0	0	0	0	"BCL2L1"
"ENST00000399568.5"	0	-0.35337771737116	0	0	0.590030591434552	0	0	0	0	0	0	0	0	0	"C22orf39"
"ENST00000399562.9"	0	0.371705387818217	0	0	-0.759142631941666	0	0	0	0	0	0	0	0	0	"C22orf39"
"ENST00000335025.12"	0	-1.38213056218701	0	0	0	0	0	0	0	0	0	0	0	0	"PPIL2"
"ENST00000398831.8"	0	2.3306995006737	0	0	0	0	0	0	0	0	0	0	0	0	"PPIL2"
"ENST00000295830.13"	0	-0.569629179624548	0	0	0	0	0	0	0	0	0	0	0.658560911281384	0	"RPL22L1"
"ENST00000295955.14"	0	-0.206118719840079	0	0	0	0	0	0	0	0	0	0	0	0	"RPL9"
"ENST00000449470.6"	0	0.647444028540626	0	0	0	0	0	0	0	0	0	0	0	0	"RPL9"
"ENST00000356731.9"	0	-0.442701533878204	0	0	0	0	0	0	0	0	0	0	0	0	"HNRNPH1"
"ENST00000643244.1"	0	0.985639032274169	0	-2.04327762988108	0	0	0	0	0	0	0	0	0	0	"NT5C3A"
"ENST00000249299.7"	0	-0.358365884338104	0	0	0	0	0	0	0	0	0	0	0	0	"LSM8"
"ENST00000373247.7"	0	-0.627037512123202	0	0	0	0	0	0	0	0	0	0	0	0	"FPGS"
"ENST00000483559.5"	0	0.920284187614842	0	0	0	0	0	0	0	0	0	0	0	0	"FBXW5"
"ENST00000325285.8"	0	-0.255798705527564	0	0	0	0	0	0	0	0	0	0	0	0	"FBXW5"
"ENST00000329236.8"	0	-0.96786730685597	0	0	0	0	0	0	0	0	0	0	0	0	"RBM10"
"ENST00000292180.8"	0	0	-1.45783843965679	0	0	0	0	0	0	0	0	0	0	0	"FLAD1"
"ENST00000254108.12"	0	0	-0.596041976413272	0	0	0	0	0	0	0	0	0	0	0	"FUS"
"ENST00000325279.4"	0	0	-2.41900044868124	0	0	0	0	0	0	0	0	0	0	0	"KLHL36"
"ENST00000333775.9"	0	0	1.05927788103815	0	0	0	0	0	0	0	0	0	0	0	"NAA38"
"ENST00000434526.8"	0	0	-0.64610260897289	0	0.558798950155254	0	0	0	0	0	0	0	0	0	"SUMF2"
"ENST00000370949.2"	0	0	0	0.666711132923098	0	0	0	0	0	0	0	0	-0.468508358724656	0	"SRSF11"
"ENST00000454422.2"	0	0	0	1.01976270258678	0	0	0	0	0	0	0	0	0	0	"LZTS2"
"ENST00000338663.12"	0	0	0	-0.336457711865671	0	0	0	0	0	0	0	0	0	0	"SLC3A2"
"ENST00000398453.7"	0	0	0	-0.599131570747789	0	0	0	0	0	0	0	0	0	0	"SMAGP"
"ENST00000408946.7"	0	0	0	-0.315934735439577	0	0	0	0	0	0	0	0	0	0	"PYM1"
"ENST00000549591.1"	0	0	0	-1.7723552131141	2.67604904727125	0	0	0	0	0	0	0	0	0	"POC1B"
"ENST00000649815.2"	0	0	0	1.23439093159244	0	0	0	0	0	0	0	0	0	0	"AKT1"
"ENST00000558288.1"	0	0	0	-1.20816682304955	1.91817805254011	0	0	0	0	0	0	0	0	0	"HMG20A"
"ENST00000568470.6"	0	0	0	0.792442480008601	-1.2457595782128	0	0	0	0	0	0	0	0	0	"CES2"
"ENST00000358514.9"	0	0	0	-0.571100106219655	0	0	0	0	0	0	0	0	0	0	"PSMB10"
"ENST00000225308.12"	0	0	0	-0.384260647102924	0	0	0	0	0	0	0	0	0	0	"SLC25A39"
"ENST00000674522.1"	0	0	0	-1.26354177451113	0	0	0	0	0	0	0	0	1.28764688742637	0	"MSI2"
"ENST00000262291.9"	0	0	0	0.554127950418263	-1.51800619471516	0	0	0	0	0	0	-0.361730542136617	0	0	"VMP1"
"ENST00000592790.1"	0	0	0	-0.548889528360096	0	0	0	0	0	0	0	0	0	0	"VMP1"
"ENST00000339486.8"	0	0	0	0.20125158634991	0	0	0	0	0	0	0	0	0	0	"RIOK3"
"ENST00000581220.1"	0	0	0	-1.71983194586209	0	0	0	0	0	0	0	1.48230380462468	0	0	"RIOK3"
"ENST00000646974.2"	0	0	0	-2.07966691876969	0	0	0	0	0	0	0	0.745972406355689	0	0	"TPM4"
"ENST00000643579.2"	0	0	0	0.739237922961626	0	0	0	0	0	0	0	-0.475783974467584	0	0	"TPM4"
"ENST00000272430.10"	0	0	0	-0.387138966543075	0	0	0	0	0	0	0	0	0	0	"RTKN"
"ENST00000237455.5"	0	0	0	0.193319272044449	-0.859003488273651	0	0	0	0	0	0	-0.161783618901854	0	0	"RNF103"
"ENST00000472030.1"	0	0	0	-1.1084740850002	2.07087744486977	0	0	0	0	0	0	1.27852411700009	0	0	"RNF103"
"ENST00000325795.7"	0	0	0	-0.747499056025259	0	0	0	0	0	0	0	0	0	0	"ORMDL1"
"ENST00000481546.1"	0	0	0	-0.713330993624073	0.679454193936995	0	0	0	0	0	0	0	0	0	"UBE2G2"
"ENST00000295767.9"	0	0	0	-0.715962520097599	0	0	0	0	0	0	0	0	0	0	"CHCHD4"
"ENST00000396914.4"	0	0	0	0.139762519089257	0	0	0	0	0	0	0	0	0	0	"CHCHD4"
"ENST00000358537.7"	0	0	0	3.04943207985985	0	0	0	0	0	0	0	0	0	0	"FLNB"
"ENST00000295959.10"	0	0	0	0.421259171199167	-0.586690698582638	0	0	0	0	0	0	0	0	0	"RPP14"
"ENST00000445193.7"	0	0	0	-0.441039910352502	0.535756844302273	0	0	0	0	0	0	0	0	0	"RPP14"
"ENST00000514463.1"	0	0	0	-0.758790315649592	1.21400718227788	0	0	0	0	0	0	0.699748387389644	0	0	"ZXDC"
"ENST00000230640.10"	0	0	0	0.109311059553285	-0.583755188189583	0	0	0	0	0	0	0	0	0	"MTREX"
"ENST00000508716.1"	0	0	0	-1.67325315035553	3.60748150571569	0	0	0	0	0	0	0	0	0	"MTREX"
"ENST00000650454.1"	0	0	0	0.177556735714581	0	0	0	0	0	0	0	0	0	0	"GCLC"
"ENST00000397011.2"	0	0	0	0.606189139089935	0	0	0	0	0	0	0	-0.317505786688635	0	0	"EIF3B"
"ENST00000396663.2"	0	0	0	-0.52625139744612	0	0	0	0	0	0	0	0	0	0	"ARL4A"
"ENST00000360768.5"	0	0	0	0.491402610030959	0	0	0	0	0	0	0	0	0	0	"VKORC1L1"
"ENST00000265753.13"	0	0	0	0.427149839901119	-0.629146328409834	0	0	0	0	0	0	0	0	0	"EIF4H"
"ENST00000394641.7"	0	0	0	-2.12481810061624	0	0	0	0	0	0	-2.02229644810053	0	0	0	"SRI"
"ENST00000498518.1"	0	0	0	-1.8731493012863	0	0	0	0	0	0	0	0	0	0	"LUC7L2"
"ENST00000533662.2"	0	0	0	-0.955604090395146	0	0	0	0	0	0	0	0	0.827486756664927	0	"SLC52A2"
"ENST00000372486.5"	0	0	0	-1.91643251577573	1.72438219395423	0	0	0	0	0	0	0.603229107212749	0	0	"NTMT1"
"ENST00000357365.8"	0	0	0	0.430996893640513	-1.89015089895929	0	0	0	0	0	0	0	0	0	"ENTR1"
"ENST00000622447.5"	0	0	0	-0.400049233253699	0	0	0	0	0	0	0	0	0.239009355307451	0	"FAM156A"
"ENST00000372902.4"	0	0	0	-0.0410309250684742	0.150445615476416	0	0	0	0	0	0	0	0	0	"TIMM8A"
"ENST00000644112.2"	0	0	0	0.443224324592414	-1.22458896450509	0	0	0	0	0	0	0	0	0	"TIMM8A"
"ENST00000379370.7"	0	0	0	0	-0.649053447277308	0	0	0	0	0	0	0	0	0	"AGRN"
"ENST00000461111.1"	0	0	0	0	2.65042383751337	0	0	0	0	0	0	1.25617791832341	0	0	"AGRN"
"ENST00000401088.9"	0	0	0	0	-0.60425627991438	0	0	0	0	0	0	0	0	0	"SZRD1"
"ENST00000374303.7"	0	0	0	0	-0.756893955417934	0	0	0	0	0	0	0	0	0	"MTFR1L"
"ENST00000335514.10"	0	0	0	0	0.0953252217055066	0	0	0	0	0	0	0	0	0	"ATP5IF1"
"ENST00000465645.1"	0	0	0	0	-0.710299053235481	0	0	0	0	0	0	0	0	0	"ATP5IF1"
"ENST00000255108.8"	0	0	0	0	0.421782381172633	0	0	0	0	0	0	0	0	0	"DPH2"
"ENST00000495421.1"	0	0	0	0	-0.689174116633415	0	0	0	0	0	0	0	0	0	"DPH2"
"ENST00000372172.5"	0	0	0	0	-0.899608694448339	0	0	0	0	0	0	0	0	0	"HECTD3"
"ENST00000479235.5"	0	0	0	0	2.82415300335686	0	0	0	0	0	0	0	0	0	"GPBP1L1"
"ENST00000355105.8"	0	0	0	0	-0.583425494473817	0	0	0	0	0	0	0	0	0	"GPBP1L1"
"ENST00000371514.8"	0	0	0	0	-0.90523590059302	0	0	0	0	0	0	0	0	0	"SCP2"
"ENST00000370920.8"	0	0	0	0	-0.573734918490039	0	0	0	0	0	0	0	0	0	"ZRANB2"
"ENST00000324862.7"	0	0	0	0	-0.631269977270674	0	0	0	0	0	0	0	0	0	"PRPF3"
"ENST00000368716.9"	0	0	0	0	-2.45000285607832	0	0	0	0	0	0	0	0	0	"S100A4"
"ENST00000318967.7"	0	0	0	0	-0.796469385571736	0	0	0	0	0	0	0	0	0	"INTS3"
"ENST00000428931.6"	0	0	0	0	-0.742274842683594	0	0	0	0	0	0	0	0.344022297548244	0	"UBAP2L"
"ENST00000481771.5"	0	0	0	0	0.176910479868728	0	0	0	0	0	0	0	0	0	"MTX1"
"ENST00000245564.8"	0	0	0	0	-0.849613683837449	0	0	0	0	0	0	0	0	0	"MSTO1"
"ENST00000645668.2"	0	0	0	0	-0.901155014696035	0	0	0	0	0	0	0	0	0	"TSEN15"
"ENST00000367498.8"	0	0	0	0	-0.60580926952415	0	0	0	0	0	0	0	0	0	"IVNS1ABP"
"ENST00000496025.1"	0	0	0	0	4.32347610217386	0	0	0	0	0	0	0	0	0	"TMEM63A"
"ENST00000284551.11"	0	0	0	0	0.151558712670746	0	0	0	0	0	0	0.085320625150057	0	0	"TRIM11"
"ENST00000682386.1"	0	0	0	0	-0.58959219436606	0	0	0	0	0	0	0	0	0	"HNRNPF"
"ENST00000309979.11"	0	0	0	0	-1.2311901664031	0	0	0	0	0	0	0	0	0	"NDST2"
"ENST00000277865.5"	0	0	0	0	-0.578499674566461	0	0	0	0	0	0	0	0	0	"GLUD1"
"ENST00000370220.1"	0	0	0	0	1.02067483703276	0	0	0	0	0	0	0	0	0	"LZTS2"
"ENST00000472379.2"	0	0	0	0	1.40114541786465	0	0	0	0	0	0	0	0	0	"DENND10"
"ENST00000361432.3"	0	0	0	0	-0.578757970400024	0	0	0	0	0	0	0	0	0	"DENND10"
"ENST00000496834.6"	0	0	0	0	-1.80614972682615	0	0	0	0	0	0	0	0	0	"PGAP2"
"ENST00000450114.7"	0	0	0	0	-0.724404457473013	0	0	0	0	0	0	0	0	0	"WEE1"
"ENST00000530712.6"	0	0	0	0	2.81677439196936	0	0	0	0	0	0	0	0	0	"WEE1"
"ENST00000323959.9"	0	0	0	0	-0.573580382117027	0	0	0	0	0	0	0	0	0	"CSTF3"
"ENST00000299240.10"	0	0	0	0	-1.94480996299951	0	0	0	0	0	0	-0.642436549858347	0	0	"TTC17"
"ENST00000533072.1"	0	0	0	0	3.34197982448315	0	0	0	0	0	0	0	0	0	"TTC17"
"ENST00000358252.8"	0	0	0	0	-0.733114185709694	0	0	0	0	0	0	0	0	0	"TNKS1BP1"
"ENST00000328257.13"	0	0	0	0	-0.63252851875616	0	0	0	0	0	0	0	0	0	"PPME1"
"ENST00000539021.1"	0	0	0	0	4.02229771520595	0	0	0	0	0	0	0	0	0	"PPME1"
"ENST00000624931.1"	0	0	0	0	0.626153636050832	0	0	0	0	0	0	0	0	0	"PCF11"
"ENST00000530167.2"	0	0	0	0	-0.314289967018908	0	0	0	0	0	0	0	0	0	"H2AX"
"ENST00000375167.1"	0	0	0	0	1.17000906552217	0	0	0	0	0	0	0	0	0	"H2AX"
"ENST00000534947.5"	0	0	0	0	-1.08271980930052	0	0	0	0	0	0	0	0	0	"COPS7A"
"ENST00000313546.8"	0	0	0	0	-0.781872044450002	0	0	0	0	0	0	0	0	0	"POC1B"
"ENST00000455511.9"	0	0	0	0	-0.662093760359043	0	0	0	0	0	0	0	0	0	"ANAPC7"
"ENST00000452721.2"	0	0	0	0	2.71590240997751	0	0	0	0	0	0	0	0	0	"ANAPC7"
"ENST00000353487.7"	0	0	0	0	-0.330025813950674	0	0	0	0	0	0	0	0	0	"SPPL3"
"ENST00000392495.7"	0	0	0	0	2.54267466293834	0	0	0	0	0	0	0	0	0	"SPPL3"
"ENST00000261819.8"	0	0	0	0	-1.24923992199662	0	0	0	0	0	0	0	0	0	"ANAPC5"
"ENST00000686729.1"	0	0	0	0	-2.3823357596154	0	0	0	0	0	0	0	0	0	"EXOSC8"
"ENST00000490680.5"	0	0	0	0	-0.341174130536439	0	0	0	0	0	0	0	0	0	"IPO5"
"ENST00000491555.5"	0	0	0	0	1.2450862899321	0	0	0	0	0	0	0	0	0	"IPO5"
"ENST00000361283.4"	0	0	0	0	-0.650074869486286	0	0	0	0	0	0	0	0	0	"CHAMP1"
"ENST00000700528.1"	0	0	0	0	3.98829750465974	0	0	0	0	0	0	0	-2.2132108387335	0	"CHAMP1"
"ENST00000555656.5"	0	0	0	0	-0.6825513984116	0	0	0	0	0	0	0	0	0	"OSGEP"
"ENST00000397120.8"	0	0	0	0	-0.409120819201848	0	0	0	0	0	0	0	0	0	"AP1G2"
"ENST00000216484.7"	0	0	0	0	-0.568388390049413	0	0	0	0	0	0	0	0	0	"SPTLC2"
"ENST00000687688.1"	0	0	0	0	4.15992839111785	0	0	0	0	0	0	0	0	0	"SPTLC2"
"ENST00000216277.13"	0	0	0	0	-0.703393005917695	0	0	0	0	0	0	0	0	0	"PAPOLA"
"ENST00000556260.6"	0	0	0	0	0.796836059606472	0	0	0	0	0	0	0	0	0	"PPP2R5C"
"ENST00000350249.7"	0	0	0	0	-1.31701258862316	0	0	0	0	0	0	0	0	0	"PPP2R5C"
"ENST00000559514.5"	0	0	0	0	-0.763350647778679	0	0	0	0	0	0	0	0	0	"CINP"
"ENST00000216756.11"	0	0	0	0	0.128063362163031	0	0	0	0	0	0	0	0	0	"CINP"
"ENST00000556463.5"	0	0	0	0	3.58322708848953	0	0	0	0	0	0	0	0	0	"MARK3"
"ENST00000674165.1"	0	0	0	0	-0.503366716875719	0	0	0	0	0	0	0	0	0	"COA8"
"ENST00000348520.10"	0	0	0	0	-0.592849077062026	0	0	0	0	0	0	0	0	0	"KLC1"
"ENST00000554581.5"	0	0	0	0	2.24016614739146	0	0	0	0	0	0	0	0	0	"AKT1"
"ENST00000407796.7"	0	0	0	0	-1.11024336816471	0	0	0	0	0	0	0	0	0	"AKT1"
"ENST00000674227.1"	0	0	0	0	5.43122519035209	0	0	0	0	0	0	0	0	0	"NIPA2"
"ENST00000260403.7"	0	0	0	0	-0.544338654386795	0	0	0	0	0	0	0	0	0	"TMEM62"
"ENST00000563859.5"	0	0	0	0	3.29634612755531	0	0	0	0	0	0	0	0	0	"TMEM62"
"ENST00000358278.7"	0	0	0	0	-1.41505231036397	0	0	0	0	0	0	0	0	0	"TPM1"
"ENST00000454830.6"	0	0	0	0	-1.01138958145113	0	0	0	0	0	0	-0.267944208438674	0	0	"CLK3"
"ENST00000336216.9"	0	0	0	0	-0.682467299140196	0	0	0	0	0	0	0	0	0	"HMG20A"
"ENST00000427587.9"	0	0	0	0	0.255835209384481	0	0	0	0	0	0	0	0	0	"EEF2KMT"
"ENST00000327827.12"	0	0	0	0	0.302062119912939	0	0	0	0	0	0	0	-0.273867229554086	0	"HAPSTR1"
"ENST00000574285.2"	0	0	0	0	-0.396636477441913	0	0	0	0	0	0	0	0.348959791041343	0	"HAPSTR1"
"ENST00000299853.10"	0	0	0	0	-0.58651650226126	0	0	0	0	0	0	0	0	0	"POLR3E"
"ENST00000565117.1"	0	0	0	0	1.44380577878215	0	0	0	0	0	0	0	0	0	"POLR3E"
"ENST00000651894.2"	0	0	0	0	0.199099847155117	0	0	0	0	0	0	0.134464898146051	0	0	"BOLA2B"
"ENST00000305321.4"	0	0	0	0	-0.668362048229063	0	0	0	0	0	0	0	0	0	"BOLA2B"
"ENST00000356166.11"	0	0	0	0	-0.742775265423844	0	0	0	0	0	0	0	0	0	"FBRS"
"ENST00000487509.6"	0	0	0	0	0.0459198527215776	0	0	0	0	0	0	0	0	0	"FUS"
"ENST00000380006.2"	0	0	0	0	1.16217333511054	0	0	0	0	0	0	0	0	0	"SIAH1"
"ENST00000394725.3"	0	0	0	0	-0.523502756413424	0	0	0	0	0	0	0	0	0	"SIAH1"
"ENST00000340099.10"	0	0	0	0	-1.00196555364379	0	0	0	0	0	0	0	0	0	"DOK4"
"ENST00000219281.8"	0	0	0	0	-0.58742474429332	0	0	0	0	0	0	0	0	0	"USB1"
"ENST00000301015.14"	0	0	0	0	-0.663033956389407	0	0	0	0	0	0	0	0	0	"PIEZO1"
"ENST00000484567.6"	0	0	0	0	0.743802106323174	0	0	0	0	0	0	0	0	0	"PIEZO1"
"ENST00000254718.9"	0	0	0	0	-0.621248781707928	0	0	0	0	0	0	0	0	0	"MYBBP1A"
"ENST00000575112.5"	0	0	0	0	-0.317212425683996	0	0	0	0	0	0	0	0	0	"RPAIN"
"ENST00000621332.5"	0	0	0	0	-0.700047833269717	0	0	0	0	0	0	0	0	0	"MLLT6"
"ENST00000398532.9"	0	0	0	0	-0.85670642618842	0	0	0	0	0	0	0	0	0	"MSL1"
"ENST00000577454.5"	0	0	0	0	0.728181993386498	0	0	0	0	0	0	0	0	0	"MSL1"
"ENST00000393885.9"	0	0	0	0	-0.585558518220185	0	0	0	0	0	0	0	0	0	"NKIRAS2"
"ENST00000361523.8"	0	0	0	0	0.577758191761532	0	0	0	0	0	0	0	0	0	"BECN1"
"ENST00000017003.7"	0	0	0	0	-0.791723897902201	0	0	0	0	0	0	0	0	0	"XYLT2"
"ENST00000571021.1"	0	0	0	0	2.75009497121767	0	0	0	0	0	0	0	0	0	"XYLT2"
"ENST00000389924.7"	0	0	0	0	-0.714766187312538	0	0	0	0	0	0	0	0	0	"DDX42"
"ENST00000586299.1"	0	0	0	0	0.826445898538334	0	0	0	0	0	0	0	0	0	"CYTH1"
"ENST00000400345.8"	0	0	0	0	-1.28011146322858	0	0	0	0	0	0	0	0.785456091598304	0	"NEDD4L"
"ENST00000324262.9"	0	0	0	0	-0.888539175171457	0	0	0	0	0	0	0	0	0	"CNDP2"
"ENST00000590599.2"	0	0	0	0	3.7546620454402	0	0	0	0	0	0	0	0.829651643475137	0	"CTDP1"
"ENST00000354171.13"	0	0	0	0	-0.458374393398983	0	0	0	0	0	0	0	0	0	"GPX4"
"ENST00000262965.12"	0	0	0	0	-0.242214337855778	0	0	0	0	0	0	0	0	0	"TCF3"
"ENST00000472442.2"	0	0	0	0	2.87833829949221	0	0	0	0	0	0	0	0	0	"SCAMP4"
"ENST00000252599.9"	0	0	0	0	-0.641723866537328	0	0	0	0	0	0	0	0	0	"COLGALT1"
"ENST00000593832.1"	0	0	0	0	1.91148149188413	0	0	0	0	0	0	0	0	0	"COLGALT1"
"ENST00000262803.10"	0	0	0	0	-0.621011868928624	0	0	0	0	0	0	0	0	0	"UPF1"
"ENST00000596842.5"	0	0	0	0	2.94780898789431	0	0	0	0	0	0	0	0	0	"UPF1"
"ENST00000545173.6"	0	0	0	0	-0.242932252589007	0	0	0	0	0	0	0	0	0	"EIF3K"
"ENST00000572515.5"	0	0	0	0	-0.334456939293075	0	0	0	0	0	0	0	0	0	"NFKBIB"
"ENST00000594998.1"	0	0	0	0	2.97002991376225	0	0	0	0	0	0	0	0	0	"MED25"
"ENST00000396388.3"	0	0	0	0	-0.48045963401182	0	0	0	0	0	0	0	0	0	"TSEN34"
"ENST00000379852.8"	0	0	0	0	-0.764903369864702	0	0	0	0	0	0	0	0	0	"NRBP1"
"ENST00000460499.5"	0	0	0	0	1.24950388689858	0	0	0	0	0	0	0	0	0	"NRBP1"
"ENST00000403359.8"	0	0	0	0	-0.55164919131187	0	0	0	0	0	0	0	0	0	"FBXO11"
"ENST00000233838.9"	0	0	0	0	-1.0049009637263	0	0	0	0	0	0	0	0	0	"GGCX"
"ENST00000254630.12"	0	0	0	0	-0.74366642958466	0	0	0	0	0	0	0	0	0	"PTCD3"
"ENST00000487043.5"	0	0	0	0	3.29510600297383	0	0	0	0	0	0	0	0	0	"PTCD3"
"ENST00000272418.7"	0	0	0	0	0.0916588083213753	0	0	0	0	0	0	0	-0.0977933610656518	0	"MRPS5"
"ENST00000323853.10"	0	0	0	0	-0.601680111340443	0	0	0	0	0	0	0	0	0	"SNRNP200"
"ENST00000497539.5"	0	0	0	0	2.93704871739028	0	0	0	0	0	0	0	0	0	"SNRNP200"
"ENST00000322313.9"	0	0	0	0	-0.621452919672621	0	0	0	0	0	0	0	0	0	"WDR33"
"ENST00000409658.7"	0	0	0	0	1.21459086741465	0	0	0	0	0	0	0	0	0	"WDR33"
"ENST00000261015.5"	0	0	0	0	-0.497305252028693	0	0	0	0	0	0	0	0	0	"WDR12"
"ENST00000688520.1"	0	0	0	0	0.23168723242417	0	0	0	0	0	0	0	0	0	"WDR12"
"ENST00000313597.10"	0	0	0	0	-1.05482126263344	0	0	0	0	0	0	0	0	0	"GMPPA"
"ENST00000350033.8"	0	0	0	0	-0.663913224090806	0	0	0	0	0	0	0	0	0	"COPS7B"
"ENST00000488111.1"	0	0	0	0	2.75870765539198	0	0	0	0	0	0	0	0	0	"COPS7B"
"ENST00000646561.1"	0	0	0	0	-0.922676301283681	0	0	0	0	0	0	0	0	0	"CSNK2A1"
"ENST00000377813.6"	0	0	0	0	-0.149674542697521	0	0	0	0	0	0	0	0	0	"RRBP1"
"ENST00000354989.9"	0	0	0	0	-0.537230819663839	0	0	0	0	0	0	0	0	0	"ENTPD6"
"ENST00000374012.8"	0	0	0	0	-0.542832283066339	0	0	0	0	0	0	0	0	0	"PHF20"
"ENST00000617560.1"	0	0	0	0	0.3756831993486	0	0	0	0	0	0	0	0	0	"PHF20"
"ENST00000475894.5"	0	0	0	0	-0.414391132228707	0	0	0	0	0	0	0	0	0	"DLGAP4"
"ENST00000340491.8"	0	0	0	0	0.197316249422581	0	0	0	0	0	0	0	0	0	"DLGAP4"
"ENST00000373447.8"	0	0	0	0	-0.831012165349154	0	0	0	0	0	0	0	0	0	"TTI1"
"ENST00000602795.6"	0	0	0	0	-1.98568568873451	0	0	0	0	0	0	0	0	0	"NELFCD"
"ENST00000652272.2"	0	0	0	0	1.13127015880533	0	0	0	0	0	0	0	0	0	"NELFCD"
"ENST00000486741.5"	0	0	0	0	0.235543592800015	0	0	0	0	0	0	0	0	0	"HMGN1"
"ENST00000345496.7"	0	0	0	0	-0.307808561125337	0	0	0	0	0	0	0	0	0	"UBE2G2"
"ENST00000311124.9"	0	0	0	0	-0.843546914202889	0	0	0	0	0	0	0	0	0	"SLC19A1"
"ENST00000292733.11"	0	0	0	0	-0.103387365583645	0	0	0	0	0	0	0	0	0	"MED15"
"ENST00000263205.11"	0	0	0	0	-1.00518097536407	0	0	0	0	0	0	0	0	0	"MED15"
"ENST00000361906.8"	0	0	0	0	-0.65277256178979	0	0	0	0	0	0	0	0	0	"TMEM184B"
"ENST00000633056.1"	0	0	0	0	2.71055010745724	0	0	0	0	0	0	0	0	0	"TMEM184B"
"ENST00000698416.1"	0	0	0	0	1.60756875118213	0	0	0	0	0	0	0.668762895773628	0	0	"TRNT1"
"ENST00000451653.5"	0	0	0	0	1.98402984659307	0	0	0	0	0	0	0	0	0	"SEC22C"
"ENST00000264454.8"	0	0	0	0	-0.561814094245539	0	0	0	0	0	0	0	0	0	"SEC22C"
"ENST00000296444.7"	0	0	0	0	-1.49707507031115	0	0	0	0	0	0	0	0	0	"SHISA5"
"ENST00000305544.9"	0	0	0	0	-0.854320087322483	0	0	0	0	0	0	0	0	0	"LAMB2"
"ENST00000395008.6"	0	0	0	0	-0.959120538703791	0	0	0	0	0	0	0	0	0	"ABHD14B"
"ENST00000314400.10"	0	0	0	0	-0.99961949507649	0	0	0	0	0	0	0	0	0	"NEPRO"
"ENST00000474311.1"	0	0	0	0	1.88968610452462	0	0	0	0	0	0	0	0	0	"NEPRO"
"ENST00000389709.8"	0	0	0	0	-0.780321854852446	0	0	0	0	0	0	-0.201621676678747	0	0	"ZXDC"
"ENST00000336332.5"	0	0	0	0	-0.723861329646166	0	0	0	0	0	0	0	0	0	"ZXDC"
"ENST00000502734.2"	0	0	0	0	4.00272981691131	0	0	0	0	0	0	0	0	0	"COPB2"
"ENST00000333188.10"	0	0	0	0	-0.597097514213593	0	0	0	0	0	0	0	0	0	"COPB2"
"ENST00000465535.1"	0	0	0	0	4.5576611720227	0	0	0	0	0	0	0	0	0	"EIF2A"
"ENST00000295926.8"	0	0	0	0	-0.921507748190921	0	0	0	0	0	0	0	0	0	"CCNL1"
"ENST00000473645.6"	0	0	0	0	-1.36537791363512	0	0	0	0	0	0	0	0	0	"PDCD10"
"ENST00000497056.6"	0	0	0	0	0.45637702257322	0	0	0	0	0	0	0	0	0	"PDCD10"
"ENST00000474363.1"	0	0	0	0	1.36387899126674	0	0	0	0	0	0	0	0	0	"TBL1XR1"
"ENST00000450518.6"	0	0	0	0	-0.823373117872417	0	0	0	0	0	0	0	0	0	"ACTL6A"
"ENST00000429709.7"	0	0	0	0	0.195257869145134	0	0	0	0	0	0	0	0	0	"ACTL6A"
"ENST00000673236.1"	0	0	0	0	1.97993367017578	0	0	0	0	0	0	0	0	0	"TNK2"
"ENST00000362003.10"	0	0	0	0	-0.584517472396938	0	0	0	0	0	0	0	0	0	"PCGF3"
"ENST00000620529.1"	0	0	0	0	2.06504563025909	0	0	0	0	0	0	0	0	0	"PCGF3"
"ENST00000703163.1"	0	0	0	0	-0.0937520621396471	0	0	0	0	0	0	0	0	0	"CTBP1"
"ENST00000336812.5"	0	0	0	0	-0.513652085099894	0	0	0	0	0	0	-0.120305379195727	0	0	"DHX15"
"ENST00000264312.12"	0	0	0	0	-0.386914840364612	0	0	0	0	0	0	0	0	0	"OCIAD1"
"ENST00000679329.1"	0	0	0	0	2.76039982232946	0	0	0	0	0	0	0	0	0	"G3BP2"
"ENST00000264670.11"	0	0	0	0	-0.650602224994636	0	0	0	0	0	0	0	0	0	"NSUN2"
"ENST00000261308.10"	0	0	0	0	-0.640451316673637	0	0	0	0	0	0	0	0	0	"PPWD1"
"ENST00000513773.1"	0	0	0	0	2.4930683431065	0	0	0	0	0	0	0	0	0	"PPWD1"
"ENST00000380750.8"	0	0	0	0	-0.200965909401575	0	0	0	0	0	0	0	0	0	"SERF1B"
"ENST00000354833.7"	0	0	0	0	-0.346186913230396	0	0	0	0	0	0	0	0	0	"SERF1A"
"ENST00000683789.1"	0	0	0	0	-2.36786976760458	0	0	0	0	0	0	0	0	0	"MCCC2"
"ENST00000323146.8"	0	0	0	0	-0.430586031060975	0	0	0	0	0	0	0	0	0	"SLC35A4"
"ENST00000514199.1"	0	0	0	0	1.04177782223072	0	0	0	0	0	0	0.694185318906076	0	0	"SLC35A4"
"ENST00000311337.11"	0	0	0	0	-0.87473892609781	0	0	0	0	0	0	0	0	0	"GNPDA1"
"ENST00000508177.5"	0	0	0	0	1.59012718498406	0	0	0	0	0	0	0	0	0	"GNPDA1"
"ENST00000657001.1"	0	0	0	0	-0.747526203770347	0	0	0	0	0	0	-0.294875678152562	0	0	"CSNK1A1"
"ENST00000199814.9"	0	0	0	0	-0.530759160946026	0	0	0	0	0	0	0	0	0	"RBM22"
"ENST00000520132.1"	0	0	0	0	3.07205444282672	0	0	0	0	0	0	0	0	0	"RBM22"
"ENST00000411809.7"	0	0	0	0	-0.514368429468839	0	0	0	0	0	0	0	0	0	"CLINT1"
"ENST00000321757.11"	0	0	0	0	-1.77612773299386	0	0	0	0	0	0	0	0	0	"MAT2B"
"ENST00000355235.8"	0	0	0	0	-0.654328976695231	0	0	0	0	0	0	0	0	0	"TBC1D9B"
"ENST00000375792.7"	0	0	0	0	-0.944734818931128	0	0	0	0	0	0	0	0	0	"DDAH2"
"ENST00000374675.7"	0	0	0	0	0.824099569931467	0	0	0	0	0	0	0	0	0	"SLC39A7"
"ENST00000374677.8"	0	0	0	0	-0.664022433861658	0	0	0	0	0	0	0	0	0	"SLC39A7"
"ENST00000369037.9"	0	0	0	0	-0.580319433132104	0	0	0	0	0	0	0	0	0	"PDSS2"
"ENST00000369031.4"	0	0	0	0	1.36592384016518	0	0	0	0	0	0	0	0	0	"PDSS2"
"ENST00000459782.1"	0	0	0	0	6.19031287483909	0	0	0	0	0	0	0	0	0	"SEC63"
"ENST00000340611.9"	0	0	0	0	0.585705659979493	0	0	0	0	0	0	0	0	0	"BRAT1"
"ENST00000621040.4"	0	0	0	0	2.65550884571497	0	0	0	0	0	0	0	0	0	"GTF2I"
"ENST00000580010.1"	0	0	0	0	1.71885734474161	0	0	0	0	0	0	0	0	0	"DMTF1"
"ENST00000310300.11"	0	0	0	0	-0.651837811025869	0	0	0	0	0	0	-0.19544424312721	0	0	"LRCH4"
"ENST00000354161.8"	0	0	0	0	-1.51306716455937	0	0	0	0	0	0	0	0	0	"SLC12A9"
"ENST00000308511.9"	0	0	0	0	-0.541235984245663	0	0	0	0	0	0	0	0	0	"CCAR2"
"ENST00000649973.1"	0	0	0	0	-0.678049141636016	0	0	0	0	0	0	0	0	0	"MCM4"
"ENST00000523111.7"	0	0	0	0	-0.777806968605502	0	0	0	0	0	0	-0.173471783196568	0	0	"UBE2V2"
"ENST00000519042.2"	0	0	0	0	4.206696791366	0	0	0	0	0	0	0	0	0	"WASHC5"
"ENST00000526926.6"	0	0	0	0	-0.770582077082131	0	0	0	0	0	0	0	0	0	"ZNF623"
"ENST00000501748.3"	0	0	0	0	0.71867403445631	0	0	0	0	0	0	0	0	0	"ZNF623"
"ENST00000616140.2"	0	0	0	0	-0.614607412212558	0	0	0	-0.29565844618949	0	0	0	0	0	"CPSF1"
"ENST00000528017.1"	0	0	0	0	2.10253581665177	0	0	0	0	0	0	0	0	0	"ZNF7"
"ENST00000373896.8"	0	0	0	0	-0.085511096511846	0	0	0	0	0	0	0	0	0	"PHF19"
"ENST00000312189.10"	0	0	0	0	0.053008222776249	0	0	0	0	0	0	0	0	0	"PHF19"
"ENST00000265960.8"	0	0	0	0	-0.383734279884194	0	0	0	0	0	0	0	0	0	"MAPKAP1"
"ENST00000684074.1"	0	0	0	0	-0.865653986901198	0	0	0	0	0	0	0	0	0	"MIGA2"
"ENST00000483458.1"	0	0	0	0	2.06406690066431	0	0	0	0	0	0	0	0	0	"MIGA2"
"ENST00000372483.9"	0	0	0	0	-0.883972175362103	0	0	0	0	0	0	0	0	0	"NTMT1"
"ENST00000381106.4"	0	0	0	0	-2.58976406990538	0	0	0	0	0	0	0	0	0	"ENSG00000285756"
"ENST00000379942.5"	0	0	0	0	-1.34727108397752	0	0	0	0	0	0	0	0	0	"PHKA2"
"ENST00000469485.5"	0	0	0	0	1.40223007225689	0	0	0	0	0	0	0	0	0	"PHKA2"
"ENST00000644876.2"	0	0	0	0	-2.32920480495265	0	0	0	0	0	0	0	0	0	"DDX3X"
"ENST00000377604.8"	0	0	0	0	1.07327048451315	0	0	0	0	0	0	0	0	0	"RBM10"
"ENST00000345781.10"	0	0	0	0	-1.76504932685948	0	0	0	0	0	0	0	0	0	"RBM10"
"ENST00000628161.2"	0	0	0	0	-0.24117560669271	0	0	0	0	0	0	0	0	0	"RBM10"
"ENST00000377351.8"	0	0	0	0	-0.339015062956657	0	0	0	0	0	0	0	0	0	"UBA1"
"ENST00000360458.5"	0	0	0	0	-0.00610770012830856	0	0	0	0	0	0	0	0	0	"MORF4L2"
"ENST00000441076.7"	0	0	0	0	1.02011901640601	0	0	0	1.42297801575646	0	0	0	0	0	"MORF4L2"
"ENST00000433176.6"	0	0	0	0	-1.0387684149733	0	0	0	0	0	0	0	0	0	"MORF4L2"
"ENST00000688971.1"	0	0	0	0	6.44675835045281	0	0	0	0	0	0	0	0	0	"STAG2"
"ENST00000563192.2"	0	0	0	0	0	-0.240688179242151	0	0	0	0	0	0	0	0	"SNHG19"
"ENST00000686899.2"	0	0	0	0	0	0.837822603456217	0	0	0	0	0	0	0	0	"SNHG19"
"ENST00000261776.10"	0	0	0	0	0	0.12657102676877	0	0	0	0	0	0	0	0	"VAC14"
"ENST00000571759.1"	0	0	0	0	0	-0.891369920806555	0	0	0	0	0	0	0	0	"VAC14"
"ENST00000272065.10"	0	0	0	0	0	-0.67929392019504	0	0	0	0	0	0	0	0	"ACP1"
"ENST00000272067.11"	0	0	0	0	0	0.923047150347633	0	0	0	0	0	0	0	0	"ACP1"
"ENST00000355346.9"	0	0	0	0	0	-0.810667565350868	0	0	0	0	0	0	0	0	"ITGB1BP1"
"ENST00000485439.5"	0	0	0	0	0	-0.448892034312696	0	0	0	0	0	0	0	0	"RPL35A"
"ENST00000606142.5"	0	0	0	0	0	-1.15452304133683	0	0	0	0	0	0	0	0	"LAP3"
"ENST00000375640.7"	0	0	0	0	0	-0.310147495812294	0	0	0	0	0	0	-0.207671201921176	0	"SNHG32"
"ENST00000375638.7"	0	0	0	0	0	0.769281578220335	0	-0.816534057509314	0	0	0	0	0.428465376193006	0	"SNHG32"
"ENST00000407192.5"	0	0	0	0	0	-0.903272554452974	0	0	0	0	0	0	0	0	"GET4"
"ENST00000056233.4"	0	0	0	0	0	-0.11193510376263	0	0	0	0	0	0	0	0	"NFE2L3"
"ENST00000606261.1"	0	0	0	0	0	1.90827381328931	0	0	0	0	0	0	0	0	"NFE2L3"
"ENST00000299641.8"	0	0	0	0	0	0	-1.9829816387268	0	0	0	0	0	0	0	"NDST2"
"ENST00000569957.5"	0	0	0	0	0	0	-0.876781471722658	0	0	0	0	0	0.67798738884928	0	"INO80E"
"ENST00000339413.11"	0	0	0	0	0	0	-0.847468840909003	0	0	0	0	0	0	0	"YIF1B"
"ENST00000325333.10"	0	0	0	0	0	0	0.174486613832846	0	0	0.247673208942757	0	0	0	0	"ZNF580"
"ENST00000543039.2"	0	0	0	0	0	0	-1.65103357639272	0	0	-0.854331514954076	0	0	0	0	"ZNF580"
"ENST00000378197.5"	0	0	0	0	0	0	0	-0.768467506138239	0	0	0	0	-0.438447996127599	0	"RPP38"
"ENST00000618691.5"	0	0	0	0	0	0	0	0	-1.20981763240164	0	0	0	0	0	"NAP1L1"
"ENST00000620219.4"	0	0	0	0	0	0	0	0	0.874155268210066	0	0	0	0	0	"CPSF1"
"ENST00000531188.6"	0	0	0	0	0	0	0	0	0	0.584254707323665	0	0	0	0	"RPS3"
"ENST00000710362.1"	0	0	0	0	0	0	0	0	0	0.693621616751237	0	0	0	0	"TARBP2"
"ENST00000306796.10"	0	0	0	0	0	0	0	0	0	-0.390975004837542	0	0	0	0	"DUS1L"
"ENST00000318240.8"	0	0	0	0	0	0	0	0	0	-0.487467594012652	0	0	0	0	"C18orf32"
"ENST00000613385.4"	0	0	0	0	0	0	0	0	0	0.407435948605275	0	0	0	0	"C18orf32"
"ENST00000588852.2"	0	0	0	0	0	0	0	0	0	-0.758006250732935	0	0	0	0	"SAFB"
"ENST00000253110.16"	0	0	0	0	0	0	0	0	0	0.58780526774217	0	-0.546008418743771	0	0	"SHFL"
"ENST00000377735.7"	0	0	0	0	0	0	0	0	0	0.485174249198626	0	0	0	0	"DMWD"
"ENST00000270223.7"	0	0	0	0	0	0	0	0	0	-0.646725700335039	0	0	0	0	"DMWD"
"ENST00000630497.1"	0	0	0	0	0	0	0	0	0	-0.717899103426821	0	0	0	0	"KMT5C"
"ENST00000279036.12"	0	0	0	0	0	0	0	0	0	0.582656217254979	0	0	0	0	"PIGT"
"ENST00000679179.1"	0	0	0	0	0	0	0	0	0	1.01477625051438	0	0	0	0	"BRD2"
"ENST00000377845.7"	0	0	0	0	0	0	0	0	0	0	-2.83580841158396	0	-0.686685582516028	-2.65330226446409	"ACOT7"
"ENST00000344989.10"	0	0	0	0	0	0	0	0	0	0	-0.331589087124607	0	0	-1.01658471899473	"SRSF10"
"ENST00000368445.9"	0	0	0	0	0	0	0	0	0	0	1.42731827596667	1.32495025749098	0	0	"SHC1"
"ENST00000345264.10"	0	0	0	0	0	0	0	0	0	0	0.212279962009713	0	0	0	"RSU1"
"ENST00000602389.1"	0	0	0	0	0	0	0	0	0	0	-0.843044383875757	-0.465423885142154	0	0	"RSU1"
"ENST00000299381.5"	0	0	0	0	0	0	0	0	0	0	-0.273530398548009	-0.141589768841768	0	0	"ANAPC16"
"ENST00000545888.6"	0	0	0	0	0	0	0	0	0	0	1.17163241141274	0	0	0	"MARS1"
"ENST00000392882.7"	0	0	0	0	0	0	0	0	0	0	0.949135530142957	0	0	0	"WARS1"
"ENST00000355338.6"	0	0	0	0	0	0	0	0	0	0	-0.588733187024195	-0.298535937161447	0	0	"WARS1"
"ENST00000569529.6"	0	0	0	0	0	0	0	0	0	0	-0.326446080272294	0	0	0	"ANTKMT"
"ENST00000599732.5"	0	0	0	0	0	0	0	0	0	0	-0.338500563793987	0	0	0	"PTOV1"
"ENST00000284971.8"	0	0	0	0	0	0	0	0	0	0	-0.122457350202189	0	0	0	"ATP5PF"
"ENST00000292475.8"	0	0	0	0	0	0	0	0	0	0	-0.154543319827893	0	-0.270794151795133	0	"ATP5MF"
"ENST00000492936.5"	0	0	0	0	0	0	0	0	0	0	0	0.397685702252116	0.306441085495601	0	"ACAP3"
"ENST00000378853.3"	0	0	0	0	0	0	0	0	0	0	0	0.28004282205889	0	0	"AURKAIP1"
"ENST00000418865.6"	0	0	0	0	0	0	0	0	0	0	0	0.403071666457367	0	0	"CCNL2"
"ENST00000373043.1"	0	0	0	0	0	0	0	0	0	0	0	0.488405538364264	0	0	"C1orf122"
"ENST00000310955.11"	0	0	0	0	0	0	0	0	0	0	0	-0.133094161849457	0	0	"CDC20"
"ENST00000372462.1"	0	0	0	0	0	0	0	0	0	0	0	0.530465927858058	0	0	"CDC20"
"ENST00000396651.8"	0	0	0	0	0	0	0	0	0	0	0	-0.246580356199402	0.198094399364064	0	"RPS8"
"ENST00000485390.5"	0	0	0	0	0	0	0	0	0	0	0	1.28866217706115	-1.00931778964745	0	"RPS8"
"ENST00000369026.3"	0	0	0	0	0	0	0	0	0	0	0	-0.201858272431432	0	0	"MCL1"
"ENST00000258301.6"	0	0	0	0	0	0	0	0	0	0	0	-0.0941430541402451	0	0	"STX6"
"ENST00000469135.1"	0	0	0	0	0	0	0	0	0	0	0	3.04177588128278	0	0	"STX6"
"ENST00000295006.6"	0	0	0	0	0	0	0	0	0	0	0	-0.212144172903503	0	0	"CAPN2"
"ENST00000464757.1"	0	0	0	0	0	0	0	0	0	0	0	0.636325276643667	0	0	"COX20"
"ENST00000299421.9"	0	0	0	0	0	0	0	0	0	0	0	-0.414895412459358	0	0	"ILK"
"ENST00000689147.1"	0	0	0	0	0	0	0	0	0	0	0	-0.409542069407407	0	0	"SNHG1"
"ENST00000279247.11"	0	0	0	0	0	0	0	0	0	0	0	-0.177923164638112	0	0	"CAPN1"
"ENST00000692008.1"	0	0	0	0	0	0	0	0	0	0	0	-0.23818211721911	0	0	"KRT8"
"ENST00000392514.9"	0	0	0	0	0	0	0	0	0	0	0	-0.294954413034038	0.784740767392073	0	"RPLP0"
"ENST00000445930.7"	0	0	0	0	0	0	0	0	0	0	0	-0.330074888747261	0	0	"PSMC6"
"ENST00000563310.1"	0	0	0	0	0	0	0	0	0	0	0	2.69092004762476	0	0	"ARIH1"
"ENST00000561086.1"	0	0	0	0	0	0	0	0	0	0	0	2.72924960573716	0	0	"IQGAP1"
"ENST00000343262.9"	0	0	0	0	0	0	0	0	0	0	0	-0.397429648087395	0.450058748422991	0	"RPS2"
"ENST00000566397.5"	0	0	0	0	0	0	0	0	0	0	0	-0.348227794243087	0	0	"RNPS1"
"ENST00000343411.8"	0	0	0	0	0	0	0	0	0	0	0	-0.133546341585288	0	0	"MBTPS1"
"ENST00000645818.2"	0	0	0	0	0	0	0	0	0	0	0	-0.177842164373825	0	0	"SPG7"
"ENST00000293831.13"	0	0	0	0	0	0	0	0	0	0	0	-0.0988271418819376	-0.103640998046659	0	"EIF4A1"
"ENST00000481107.1"	0	0	0	0	0	0	0	0	0	0	0	0.941653551199442	0	0	"TTC19"
"ENST00000409257.10"	0	0	0	0	0	0	0	0	0	0	0	0.424618452569567	0	0	"AFMID"
"ENST00000327898.9"	0	0	0	0	0	0	0	0	0	0	0	0.742995520934915	0	0	"AFMID"
"ENST00000262124.15"	0	0	0	0	0	0	0	0	0	0	0	-0.0880363724178436	0	0	"SEH1L"
"ENST00000222247.10"	0	0	0	0	0	0	0	0	0	0	0	-0.130734416885008	0	0	"RPL18A"
"ENST00000599870.1"	0	0	0	0	0	0	0	0	0	0	0	0.365392785545481	0	0	"RPL18A"
"ENST00000221943.14"	0	0	0	0	0	0	0	0	0	0	0	0.323027899510574	0	0	"DMAC2"
"ENST00000300853.8"	0	0	0	0	0	0	0	0	0	0	0	-0.444455104554368	0	0	"ERCC1"
"ENST00000013807.9"	0	0	0	0	0	0	0	0	0	0	0	0.555986751552275	0	0	"ERCC1"
"ENST00000438389.6"	0	0	0	0	0	0	0	0	0	0	0	-0.432378515038768	0	0	"ISOC2"
"ENST00000260665.12"	0	0	0	0	0	0	0	0	0	0	0	-0.303307222169952	0	0	"LRPPRC"
"ENST00000401558.7"	0	0	0	0	0	0	0	0	0	0	0	-0.407392503125556	0	0	"XPO1"
"ENST00000686392.1"	0	0	0	0	0	0	0	0	0	0	0	2.30507449315693	0	0	"FASTKD5"
"ENST00000403904.5"	0	0	0	0	0	0	0	0	0	0	0	-1.17308502948883	0	0	"CSNK1E"
"ENST00000395827.5"	0	0	0	0	0	0	0	0	0	0	0	0.29362920396942	1.29902475541141	0	"TRABD"
"ENST00000698415.1"	0	0	0	0	0	0	0	0	0	0	0	0.451005059315874	0	0	"TRNT1"
"ENST00000307839.10"	0	0	0	0	0	0	0	0	0	0	0	-0.351153081867203	0	0	"RPL15"
"ENST00000682503.1"	0	0	0	0	0	0	0	0	0	0	0	1.43621578418694	0	0	"FLNB"
"ENST00000296181.9"	0	0	0	0	0	0	0	0	0	0	0	-0.0808434653868381	0	0	"ITGB5"
"ENST00000460797.5"	0	0	0	0	0	0	0	0	0	0	0	2.98085093340945	0	0	"ITGB5"
"ENST00000382456.7"	0	0	0	0	0	0	0	0	0	0	0	0.591551039838426	0	0	"AP2M1"
"ENST00000453386.7"	0	0	0	0	0	0	0	0	0	0	0	-0.159545475309655	0	0	"TRA2B"
"ENST00000306388.10"	0	0	0	0	0	0	0	0	0	0	0	0.552170697159016	0	0	"TBCA"
"ENST00000296930.10"	0	0	0	0	0	0	0	0	0	0	0	-0.066130514807638	0.14499876373796	0	"NPM1"
"ENST00000481474.5"	0	0	0	0	0	0	0	0	0	0	0	-0.0894307505513527	0.85241036535515	0	"TRIM27"
"ENST00000418800.6"	0	0	0	0	0	0	0	0	0	0	0	-0.366601285873144	0	0	"DDR1"
"ENST00000376007.8"	0	0	0	0	0	0	0	0	0	0	0	-0.341924545499708	0	0	"PRRC2A"
"ENST00000375976.8"	0	0	0	0	0	0	0	0	0	0	0	-0.631073593882435	0	0	"BAG6"
"ENST00000374606.10"	0	0	0	0	0	0	0	0	0	0	0	0.425912523052143	0	0	"PFDN6"
"ENST00000497943.1"	0	0	0	0	0	0	0	0	0	0	0	0.810930249674632	0	0	"SUN1"
"ENST00000620879.4"	0	0	0	0	0	0	0	0	0	0	0	-0.350634780900283	0	0	"GTF2I"
"ENST00000222553.8"	0	0	0	0	0	0	0	0	0	0	0	-0.15764517221536	0	0	"NAMPT"
"ENST00000684436.1"	0	0	0	0	0	0	0	0	0	0	0	1.43439284768787	0	0	"EZH2"
"ENST00000520809.1"	0	0	0	0	0	0	0	0	0	0	0	1.51265182364112	0	0	"UBE2V2"
"ENST00000527744.6"	0	0	0	0	0	0	0	0	0	0	0	-0.646224037257937	0	0	"PUF60"
"ENST00000528957.6"	0	0	0	0	0	0	0	0	0	0	0	0.591667025304124	0	0	"RPL8"
"ENST00000262584.7"	0	0	0	0	0	0	0	0	0	0	0	-0.49712760475169	0	0	"RPL8"
"ENST00000443024.7"	0	0	0	0	0	0	0	0	0	0	0	-0.594473585184315	0	0	"IARS1"
"ENST00000375118.1"	0	0	0	0	0	0	0	0	0	0	0	1.28967644282922	0	0	"TRMO"
"ENST00000372047.7"	0	0	0	0	0	0	0	0	0	0	0	-0.569430650775793	0	0	"RALGDS"
"ENST00000614077.4"	0	0	0	0	0	0	0	0	0	0	0	0.663211100064956	0	0	"RPL36A"
"ENST00000378756.8"	0	0	0	0	0	0	0	0	0	0	0	0	-0.157107996056924	0	"ATAD3A"
"ENST00000672388.1"	0	0	0	0	0	0	0	0	0	0	0	0	1.03541488386327	0	"ATAD3A"
"ENST00000493678.5"	0	0	0	0	0	0	0	0	0	0	0	0	-0.207710182545095	0	"PARK7"
"ENST00000338639.10"	0	0	0	0	0	0	0	0	0	0	0	0	0.244919218934971	0	"PARK7"
"ENST00000643754.2"	0	0	0	0	0	0	0	0	0	0	0	0	0.372684580042485	0	"RPL11"
"ENST00000676801.1"	0	0	0	0	0	0	0	0	0	0	0	0	1.30070397817579	0	"EIF3I"
"ENST00000677711.2"	0	0	0	0	0	0	0	0	0	0	0	0	-0.368688140050106	0	"EIF3I"
"ENST00000351829.9"	0	0	0	0	0	0	0	0	0	0	0	0	-0.564375681531481	0	"AKR1A1"
"ENST00000539140.6"	0	0	0	0	0	0	0	0	0	0	0	0	-1.38603033990902	0	"DRAM2"
"ENST00000271889.8"	0	0	0	0	0	0	0	0	0	0	0	0	-0.505876883674061	0	"CREB3L4"
"ENST00000368603.5"	0	0	0	0	0	0	0	0	0	0	0	0	1.19777264915264	0	"CREB3L4"
"ENST00000433615.5"	0	0	0	0	0	0	0	0	0	0	0	0	-1.65408757966694	0	"UBAP2L"
"ENST00000368399.1"	0	0	0	0	0	0	0	0	0	0	0	0	-0.534726102799389	0	"DPM3"
"ENST00000295702.9"	0	0	0	0	0	0	0	0	0	0	0	0	-0.163219987767325	0	"SSR2"
"ENST00000367926.9"	0	0	0	0	0	0	0	0	0	0	0	0	1.06546269270178	0	"UAP1"
"ENST00000304786.12"	0	0	0	0	0	0	0	0	0	0	0	0	0.267387571075064	0	"SRP9"
"ENST00000366839.8"	0	0	0	0	0	0	0	0	0	0	0	0	-1.37409346432965	0	"SRP9"
"ENST00000370476.10"	0	0	0	0	0	0	0	0	0	0	0	0	-0.219021254687024	0	"CUTC"
"ENST00000471520.5"	0	0	0	0	0	0	0	0	0	0	0	0	0.738150105476463	0	"CUTC"
"ENST00000355697.7"	0	0	0	0	0	0	0	0	0	0	0	0	-0.120864967996287	-0.265689888519668	"SFXN4"
"ENST00000331244.10"	0	0	0	0	0	0	0	0	0	0	0	0	0.197121372638584	0	"GLRX3"
"ENST00000368644.5"	0	0	0	0	0	0	0	0	0	0	0	0	-0.427401700185182	0	"GLRX3"
"ENST00000441012.7"	0	0	0	0	0	0	0	0	0	0	0	0	-0.557446143384479	0	"NR1H3"
"ENST00000377890.6"	0	0	0	0	0	0	0	0	0	0	0	0	0.639930404326231	0	"SLC3A2"
"ENST00000255681.7"	0	0	0	0	0	0	0	0	0	0	0	0	-0.378286833848722	-0.491670764608323	"MACROD1"
"ENST00000309422.7"	0	0	0	0	0	0	0	0	0	0	0	0	0.194893682986568	0	"VEGFB"
"ENST00000426086.3"	0	0	0	0	0	0	0	0	0	0	0	0	-0.520371140682199	0	"VEGFB"
"ENST00000308418.10"	0	0	0	0	0	0	0	0	0	0	0	0	0.0472243838406394	0	"RNASEH2C"
"ENST00000528220.2"	0	0	0	0	0	0	0	0	0	0	0	0	-0.380448608801743	0	"RNASEH2C"
"ENST00000299626.10"	0	0	0	0	0	0	0	0	0	0	0	0	0.122158777865857	0	"ALG8"
"ENST00000280352.13"	0	0	0	0	0	0	0	0	0	0	0	0	0.624014108121542	0	"NKAPD1"
"ENST00000228799.7"	0	0	0	0	0	0	0	0	0	0	0	0	-0.289877840040782	0	"ITFG2"
"ENST00000545509.2"	0	0	0	0	0	0	0	0	0	0	0	0	1.35336419904347	0	"ITFG2"
"ENST00000358409.7"	0	0	0	0	0	0	0	0	0	0	0	0	-0.571015856194566	0	"TEAD4"
"ENST00000538862.7"	0	0	0	0	0	0	0	0	0	0	0	0	-0.656763978371034	0	"CDCA3"
"ENST00000209873.9"	0	0	0	0	0	0	0	0	0	0	0	0	-0.123084194311859	0	"AAAS"
"ENST00000447282.5"	0	0	0	0	0	0	0	0	0	0	0	0	-0.504534760376065	0	"PCBP2"
"ENST00000552692.5"	0	0	0	0	0	0	0	0	0	0	0	0	-0.337279047664484	0	"CD63"
"ENST00000315970.12"	0	0	0	0	0	0	0	0	0	0	0	0	-0.523808706083807	0	"OS9"
"ENST00000550746.5"	0	0	0	0	0	0	0	0	0	0	0	0	1.92061483381082	0	"TBC1D15"
"ENST00000485960.7"	0	0	0	0	0	0	0	0	0	0	0	0	-0.201284705632046	0	"TBC1D15"
"ENST00000550333.5"	0	0	0	0	0	0	0	0	0	0	0	0	-0.505704244652163	0	"C12orf29"
"ENST00000454402.7"	0	0	0	0	0	0	0	0	0	0	0	0	0.37506043466476	0	"RFC5"
"ENST00000392542.6"	0	0	0	0	0	0	0	0	0	0	0	0	-1.99316014236642	0	"RFC5"
"ENST00000551150.5"	0	0	0	0	0	0	0	0	0	0	0	0	-0.284044821229125	0	"RPLP0"
"ENST00000536769.1"	0	0	0	0	0	0	0	0	0	0	0	0	0.346734948893676	0	"UBC"
"ENST00000339647.6"	0	0	0	0	0	0	0	0	0	0	0	0	-0.0342160583255699	0	"UBC"
"ENST00000607003.5"	0	0	0	0	0	0	0	0	0	0	0	0	-0.643548361271153	0	"SAP18"
"ENST00000400198.8"	0	0	0	0	0	0	0	0	0	0	0	0	0.412355813146332	0	"ARGLU1"
"ENST00000472226.2"	0	0	0	0	0	0	0	0	0	0	0	0	-0.179544725826629	0	"ARGLU1"
"ENST00000360383.7"	0	0	0	0	0	0	0	0	0	0	0	0	0.650215309721424	0	"CDC16"
"ENST00000356221.8"	0	0	0	0	0	0	0	0	0	0	0	0	-0.376541697782152	0	"CDC16"
"ENST00000645174.2"	0	0	0	0	0	0	0	0	0	0	0	0	-0.769678542412708	0	"CHAMP1"
"ENST00000285848.9"	0	0	0	0	0	0	0	0	0	0	0	0	-0.116211989820195	0	"OXA1L"
"ENST00000481218.1"	0	0	0	0	0	0	0	0	0	0	0	0	0.544831801219747	0	"OXA1L"
"ENST00000397496.7"	0	0	0	0	0	0	0	0	0	0	0	0	0.53340522950326	0	"MRPL52"
"ENST00000216799.9"	0	0	0	0	0	0	0	0	0	0	0	0	-0.514414785551851	0	"EMC9"
"ENST00000283534.4"	0	0	0	0	0	0	0	0	0	0	0	0	0.210862593332948	0	"LYSET"
"ENST00000415050.3"	0	0	0	0	0	0	0	0	0	0	0	0	-0.265139016303697	0	"LYSET"
"ENST00000566515.5"	0	0	0	0	0	0	0	0	0	0	0	0	2.88864664279143	0	"CCNDBP1"
"ENST00000300213.9"	0	0	0	0	0	0	0	0	0	0	0	0	-0.729078674837829	0	"CCNDBP1"
"ENST00000406925.6"	0	0	0	0	0	0	0	0	0	0	0	0	1.07735243128908	0	"HYPK"
"ENST00000327171.7"	0	0	0	0	0	0	0	0	0	0	0	0	0.967575282881362	0	"GALK2"
"ENST00000254193.11"	0	0	0	0	0	0	0	0	0	0	0	0	-0.111323415829926	0	"SNRPA1"
"ENST00000315082.9"	0	0	0	0	0	0	0	0	0	0	0	0	-0.32847695770769	0	"RHOT2"
"ENST00000568834.5"	0	0	0	0	0	0	0	0	0	0	0	0	-0.384578373816998	0	"NUBP2"
"ENST00000301729.9"	0	0	0	0	0	0	0	0	0	0	0	0	0.36395457555116	0	"ECI1"
"ENST00000322989.8"	0	0	0	0	0	0	0	0	0	0	0	0	0.590464918459163	0	"RPS15A"
"ENST00000563390.5"	0	0	0	0	0	0	0	0	0	0	0	0	-0.24469319409168	0	"RPS15A"
"ENST00000563060.6"	0	0	0	0	0	0	0	0	0	0	0	0	0.493108891575903	0	"ALDOA"
"ENST00000300850.5"	0	0	0	0	0	0	0	0	0	0	0	0	-0.547581048959505	0	"ZNF646"
"ENST00000394979.2"	0	0	0	0	0	0	0	0	0	0	0	0	0.319554923274047	0	"ZNF646"
"ENST00000270583.10"	0	0	0	0	0	0	0	0	0	0	0	0	-0.512464472145521	0	"KLHDC4"
"ENST00000263346.13"	0	0	0	0	0	0	0	0	0	0	0	0	-0.652611840675599	0	"TCF25"
"ENST00000356839.10"	0	0	0	0	0	0	0	0	0	0	0	0	-0.551835618707502	0	"ACADVL"
"ENST00000584123.5"	0	0	0	0	0	0	0	0	0	0	0	0	-0.553057976824492	0	"SCRN2"
"ENST00000338399.9"	0	0	0	0	0	0	0	0	0	0	0	0	-0.311650288886791	0	"CDK5RAP3"
"ENST00000576370.5"	0	0	0	0	0	0	0	0	0	0	0	0	0.279376085513495	0	"COX11"
"ENST00000584031.5"	0	0	0	0	0	0	0	0	0	0	0	0	-0.371755275724579	0	"CYB561"
"ENST00000446868.8"	0	0	0	0	0	0	0	0	0	0	0	0	-0.798583419113017	0	"CYTH1"
"ENST00000233078.9"	0	0	0	0	0	0	0	0	0	0	0	0	-0.163338826445679	0	"DAZAP1"
"ENST00000359692.10"	0	0	0	0	0	0	0	0	0	0	0	0	0.967308519788169	0	"DNM2"
"ENST00000647230.1"	0	0	0	0	0	0	0	0	0	0	0	0	-0.744489488040661	0	"SMARCA4"
"ENST00000544017.5"	0	0	0	0	0	0	0	0	0	0	0	0	-0.333423197689369	0	"TIMM50"
"ENST00000601048.6"	0	0	0	0	0	0	0	0	0	0	0	0	-0.184113880935369	0	"SELENOW"
"ENST00000598273.5"	0	0	0	0	0	0	0	0	0	0	0	0	0.930148627994765	0	"SELENOW"
"ENST00000345358.12"	0	0	0	0	0	0	0	0	0	0	0	0	-0.26418224831501	0	"BAX"
"ENST00000598441.6"	0	0	0	0	0	0	0	0	0	0	0	0	-0.226599622079775	0	"SNRNP70"
"ENST00000347454.9"	0	0	0	0	0	0	0	0	0	0	0	0	-0.587404978479995	0	"EIF2B4"
"ENST00000379519.7"	0	0	0	0	0	0	0	0	0	0	0	0	-0.410935103302894	0	"YPEL5"
"ENST00000418996.5"	0	0	0	0	0	0	0	0	0	0	0	0	-0.480166731235215	0	"DGUOK"
"ENST00000475863.5"	0	0	0	0	0	0	0	0	0	0	0	0	-0.261544455730905	0	"PCGF1"
"ENST00000443120.5"	0	0	0	0	0	0	0	0	0	0	0	0	0.946755942973463	0	"ANKRD39"
"ENST00000393537.5"	0	0	0	0	0	0	0	0	0	0	0	0	-0.0427772767840473	0	"ANKRD39"
"ENST00000264255.8"	0	0	0	0	0	0	0	0	0	0	0	0	-0.503413930433189	0	"TXNDC9"
"ENST00000409434.5"	0	0	0	0	0	0	0	0	0	0	0	0	2.76711879958869	0	"TXNDC9"
"ENST00000259075.6"	0	0	0	0	0	0	0	0	0	0	0	0	-1.28123131158361	0	"TANK"
"ENST00000409197.5"	0	0	0	0	0	0	0	0	0	0	0	0	-0.52093517775436	0	"DYNC1I2"
"ENST00000375687.10"	0	0	0	0	0	0	0	0	0	0	0	0	0.219869687204828	0	"ASXL1"
"ENST00000646985.1"	0	0	0	0	0	0	0	0	0	0	0	0	-0.943942474284788	0	"ASXL1"
"ENST00000397443.7"	0	0	0	0	0	0	0	0	0	0	0	0	-0.733200202143749	0	"CPNE1"
"ENST00000373448.6"	0	0	0	0	0	0	0	0	0	0	0	0	-1.75058948144177	0	"TTI1"
"ENST00000371588.10"	0	0	0	0	0	0	0	0	0	0	0	0	0.169047307881608	0	"DPM1"
"ENST00000340344.4"	0	0	0	0	0	0	0	0	0	0	0	0	-0.343885094081773	0	"NDUFV3"
"ENST00000354250.7"	0	0	0	0	0	0	0	0	0	0	0	0	0.296726213593554	0	"NDUFV3"
"ENST00000263202.15"	0	0	0	0	0	0	0	0	0	0	0	0	-0.196136615850779	0	"UFD1"
"ENST00000459854.5"	0	0	0	0	0	0	0	0	0	0	0	0	0.75325626056789	0	"UFD1"
"ENST00000488484.1"	0	0	0	0	0	0	0	0	0	0	0	0	0.313634907918002	0	"RANBP1"
"ENST00000216037.10"	0	0	0	0	0	0	0	0	0	0	0	0	-0.221257581987924	0	"XBP1"
"ENST00000344347.6"	0	0	0	0	0	0	0	0	0	0	0	0	0.886041307440465	0	"XBP1"
"ENST00000397641.8"	0	0	0	0	0	0	0	0	0	0	0	0	0.0863032238782317	0	"MORC2"
"ENST00000675402.1"	0	0	0	0	0	0	0	0	0	0	0	0	-1.40120450709611	0	"MORC2"
"ENST00000674920.3"	0	0	0	0	0	0	0	0	0	0	0	0	-0.0790403645579154	0	"ATF4"
"ENST00000328268.9"	0	0	0	0	0	0	0	0	0	0	0	0	-0.0860684534578022	0	"CRELD2"
"ENST00000303434.8"	0	0	0	0	0	0	0	0	0	0	0	0	-0.540947995280158	0	"TRABD"
"ENST00000395693.8"	0	0	0	0	0	0	0	0	0	0	0	0	-0.0652300589696407	0	"SCO2"
"ENST00000543927.6"	0	0	0	0	0	0	0	0	0	0	0	0	0.820808634500628	0	"SCO2"
"ENST00000383789.9"	0	0	0	0	0	0	0	0	0	0	0	0	-0.957272242895296	0	"METTL6"
"ENST00000349496.11"	0	0	0	0	0	0	0	0	0	0	0	0	0.708168307820775	0	"CTNNB1"
"ENST00000355852.6"	0	0	0	0	0	0	0	0	0	0	0	0	-0.515540626521977	0	"PCBP4"
"ENST00000636358.2"	0	0	0	0	0	0	0	0	0	0	0	0	-0.361896311299554	0	"ACY1"
"ENST00000355443.9"	0	0	0	0	0	0	0	0	0	0	0	0	-0.248878612323195	0	"MFSD10"
"ENST00000675534.1"	0	0	0	0	0	0	0	0	0	0	0	0	-0.917336746935953	0	"KIF2A"
"ENST00000296679.9"	0	0	0	0	0	0	0	0	0	0	0	0	-0.209562888734938	0	"WDR41"
"ENST00000502528.5"	0	0	0	0	0	0	0	0	0	0	0	0	1.11177954905986	0	"WDR41"
"ENST00000511689.6"	0	0	0	0	0	0	0	0	0	0	0	0	-0.284362583987868	0	"MACROH2A1"
"ENST00000194118.8"	0	0	0	0	0	0	0	0	0	0	0	0	0.639367929571387	0	"DELE1"
"ENST00000432126.7"	0	0	0	0	0	0	0	0	0	0	0	0	-0.318627144505745	0	"DELE1"
"ENST00000377777.6"	0	0	0	0	0	0	0	0	0	0	0	0	1.64923743315778	0	"H2BC5"
"ENST00000289316.2"	0	0	0	0	0	0	0	0	0	0	0	0	-0.180969975732332	0	"H2BC5"
"ENST00000377199.4"	0	0	0	0	0	0	0	0	0	0	0	0	-0.0834000512251134	0	"TRIM27"
"ENST00000395952.8"	0	0	0	0	0	0	0	0	0	0	0	0	-0.340109035827901	0	"ABHD16A"
"ENST00000495769.5"	0	0	0	0	0	0	0	0	0	0	0	0	1.07086011751147	0	"ABHD16A"
"ENST00000375651.7"	0	0	0	0	0	0	0	0	0	0	0	0	0.149208294727423	0	"HSPA1A"
"ENST00000608703.1"	0	0	0	0	0	0	0	0	0	0	0	0	-2.22811050206453	0	"HSPA1A"
"ENST00000374680.4"	0	0	0	0	0	0	0	0	0	0	0	0	-0.522402780187856	-0.763870635657048	"RXRB"
"ENST00000396386.7"	0	0	0	0	0	0	0	0	0	0	0	0	-0.142713758244139	0	"CBX3"
"ENST00000468812.6"	0	0	0	0	0	0	0	0	0	0	0	0	-0.489949381349144	0	"PPIA"
"ENST00000222690.10"	0	0	0	0	0	0	0	0	0	0	0	0	0.591175661188794	0	"H2AZ2"
"ENST00000308153.9"	0	0	0	0	0	0	0	0	0	0	0	0	-0.218417976129699	0	"H2AZ2"
"ENST00000451013.7"	0	0	0	0	0	0	0	0	0	0	0	0	0.759514756684866	0	"GTF2IRD2"
"ENST00000616377.4"	0	0	0	0	0	0	0	0	0	0	0	0	-0.472033102819643	0	"GTF2IP1"
"ENST00000248553.7"	0	0	0	0	0	0	0	0	0	0	0	0	-0.148036441713526	0	"HSPB1"
"ENST00000447574.1"	0	0	0	0	0	0	0	0	0	0	0	0	1.13523523567097	0	"HSPB1"
"ENST00000436336.6"	0	0	0	0	0	0	0	0	0	0	0	0	-0.203947146601778	0	"CPSF4"
"ENST00000292476.10"	0	0	0	0	0	0	0	0	0	0	0	0	0.405316536213456	0	"CPSF4"
"ENST00000220584.9"	0	0	0	0	0	0	0	0	0	0	0	0	-0.257117628697397	0	"FDFT1"
"ENST00000276431.9"	0	0	0	0	0	0	0	0	0	0	0	0	-0.537405856352817	0	"TNFRSF10B"
"ENST00000520866.5"	0	0	0	0	0	0	0	0	0	0	0	0	-0.499938382292998	0	"NSMCE2"
"ENST00000526683.6"	0	0	0	0	0	0	0	0	0	0	0	0	-0.427074083298704	0	"PUF60"
"ENST00000398712.7"	0	0	0	0	0	0	0	0	0	0	0	0	-0.111192720858006	0	"SHARPIN"
"ENST00000359551.6"	0	0	0	0	0	0	0	0	0	0	0	0	0.471853273087185	0	"SHARPIN"
"ENST00000643944.2"	0	0	0	0	0	0	0	0	0	0	0	0	-0.205098209335467	0	"SLC52A2"
"ENST00000376960.8"	0	0	0	0	0	0	0	0	0	0	0	0	-0.24189728044936	0	"ZFAND5"
"ENST00000375643.7"	0	0	0	0	0	0	0	0	0	0	0	0	-0.466889529468598	0	"IARS1"
"ENST00000300452.8"	0	0	0	0	0	0	0	0	0	0	0	0	0.307540113460658	0	"COQ4"
"ENST00000372159.8"	0	0	0	0	0	0	0	0	0	0	0	0	0.0822170264283622	0	"DDX31"
"ENST00000480876.3"	0	0	0	0	0	0	0	0	0	0	0	0	-0.261463232819917	0	"DDX31"
"ENST00000378158.6"	0	0	0	0	0	0	0	0	0	0	0	0	0.576311729334327	0	"CASK"
"ENST00000376563.6"	0	0	0	0	0	0	0	0	0	0	0	0	-0.929312077841551	0	"PQBP1"
"ENST00000485908.6"	0	0	0	0	0	0	0	0	0	0	0	0	-0.981187837148997	0	"WDR45"
"ENST00000596733.7"	0	0	0	0	0	0	0	0	0	0	0	0	-1.18152405498251	0	"FAM156A"
"ENST00000375068.6"	0	0	0	0	0	0	0	0	0	0	0	0	-1.01198485253478	-0.506224379924015	"MAGED2"
"ENST00000375058.5"	0	0	0	0	0	0	0	0	0	0	0	0	0.495016424803752	0	"MAGED2"
"ENST00000464419.5"	0	0	0	0	0	0	0	0	0	0	0	0	0.902917111611555	0	"FAM50A"
"ENST00000561273.5"	0	0	0	0	0	0	0	0	0	0	0	0	0	-0.871066927848353	"DHRS1"
"ENST00000644399.1"	0	0	0	0	0	0	0	0	0	0	0	0	0	1.60553271592654	"TSC2"
"ENST00000409638.7"	0	0	0	0	0	0	0	0	0	0	0	0	0	-0.434788702644433	"STK16"
"ENST00000606525.5"	0	0	0	0	0	0	0	0	0	0	0	0	0	0.9055846153738	"NECAB3"
"ENST00000223336.11"	0	0	0	0	0	0	0	0	0	0	0	0	0	-0.578725303949686	"COA1"
